0.000000000000000000e+00 0.000000000000000000e+00
1.213581275668198156e-03 1.002784251711481833e-02
5.516036992165375234e-03 1.943437563041055388e-02
1.633694029555887717e-02 2.552210859873684998e-02
2.060407850032824895e-02 3.475569636942469481e-02
3.315443886537477168e-04 5.050396226867804456e-02
2.539934450643364580e-02 5.502697412023480061e-02
1.766831839610111948e-02 6.846400786565662311e-02
2.408017396623477260e-02 7.713683390988501642e-02
3.919456260507214740e-02 8.202590488445973826e-02
4.236958160444990323e-02 9.169437856670752118e-02
7.453433791238144035e-02 8.240334631741977334e-02
7.210078919932066954e-02 9.743641272941594433e-02
6.858951567560611640e-02 1.119759652543591694e-01
8.607970453156751911e-02 1.121973433716539764e-01
9.442041044585100518e-02 1.184973722489083281e-01
1.310159482827267241e-01 9.462877464661134663e-02
1.033509164354925736e-01 1.371326917058382500e-01
1.291405850561124502e-01 1.279865638691593532e-01
1.078674470725334844e-01 1.587374879761230539e-01
5.921505916777522471e-02 1.931469357562788924e-01
1.760725410042918992e-01 1.182956843509695571e-01
1.940494234720373523e-01 1.082937546655052402e-01
1.635301142036467148e-01 1.650211684168332860e-01
2.398044097569393684e-01 3.554375298268030309e-02
1.663646433363430432e-01 1.899784424889148782e-01
2.290593769336909391e-01 1.284692790506274385e-01
2.370397416032361815e-01 1.348789316013707107e-01
2.803332172163616742e-01 3.748499556781832720e-02
2.913096295241568434e-01 3.076150845706340786e-02
2.869059893412758688e-01 9.753111213731226192e-02
3.039588825860020105e-01 7.523441340510028663e-02
2.902867183051769384e-01 1.421715722561157913e-01
2.686293868248014749e-01 1.973559313657492209e-01
3.312978228218958487e-01 9.049254579052512515e-02
3.507599521940181764e-01 4.421201348296112388e-02
3.605770401735771680e-01 -4.707019288615887920e-02
3.686841463784705231e-01 -6.125050805738587595e-02
3.813943478100700890e-01 4.324646073603971574e-02
3.933328490221147944e-01 2.185213896814830470e-02
3.985962340759064415e-01 6.610363286263629123e-02
4.060308060103205996e-01 8.156037933739496149e-02
4.144675312181137494e-01 9.054446472894399356e-02
3.687515998127960382e-01 -2.295135651606518556e-01
4.419943176689837827e-01 -4.660351216228601767e-02
4.487562727516667960e-01 -7.231443779747957767e-02
4.643244769514296433e-01 -1.729500541311521783e-02
4.202864187030262433e-01 -2.207815459518497336e-01
4.843396543404982491e-01 -2.220703701978551589e-02
4.620867857480974727e-01 -1.773437480932215371e-01
4.867108724576081902e-01 -1.348648927012664755e-01
4.344859433180504604e-01 -2.767725575665436755e-01
4.778620252815745095e-01 -2.180323372299314832e-01
5.056828541282096801e-01 -1.757505586229439198e-01
4.485179074500815211e-01 -3.104067458249336053e-01
4.113478231306857968e-01 -3.734098870066083209e-01
4.307616784041390368e-01 -3.666220488307130876e-01
4.041268920107264906e-01 -4.100954049925349953e-01
4.678868448231755517e-01 -3.525793287554385702e-01
4.398989279374913575e-01 -4.020656329702536613e-01
4.560575932744408423e-01 -3.991502597209149461e-01
4.194839765848445423e-01 -4.513184359401469226e-01
4.488916215406253407e-01 -4.366934727746568101e-01
5.144235409354355193e-01 -3.746025870404511848e-01
3.213550351244224834e-01 -5.609344707974733835e-01
3.683838298308694248e-01 -5.434812005034146409e-01
4.786856903767010007e-01 -4.640091101185683797e-01
2.269468847772956044e-01 -6.375810535197855566e-01
3.738759513706373383e-01 -5.761990680202591086e-01
2.346137311281188131e-01 -6.562950218157791449e-01
1.178755382911009925e-01 -6.971759765439806689e-01
1.754216364010331985e-01 -6.953865985143898865e-01
3.361157191193362825e-03 -7.272649602841091410e-01
3.134512391885843630e-01 -6.674341534710779289e-01
5.319413692769429242e-02 -7.455795610858410027e-01
1.861436179530630841e-01 -7.343511298839453527e-01
1.862383785120322321e-01 -7.447435034962434086e-01
1.133460677739667466e-01 -7.694744573571742352e-01
4.125652314730596237e-02 -7.867978671089188580e-01
-4.909230228733543061e-02 -7.964682691984710239e-01
1.146017260046962444e-01 -7.999131432757412563e-01
-2.506060902283804848e-01 -7.788569028671123995e-01
-2.166720629674189491e-01 -7.994408425628779513e-01
7.978213321242301481e-02 -8.345790985181053001e-01
-4.434901537390461002e-01 -7.233553909696626150e-01
-5.344667109600783617e-01 -6.719486672649424008e-01
-4.679743648725385730e-01 -7.318585038456144609e-01
-2.910535704923943867e-01 -8.291899390417907245e-01
-1.764315065939894012e-01 -8.712034092398276419e-01
-5.549119221785839828e-01 -7.072874925445367111e-01
-3.658170429512704880e-01 -8.322404532814564604e-01
-6.462291823598749207e-01 -6.536831252022735628e-01
-5.378578354524319316e-01 -7.578220749465260919e-01
-6.812394883168454429e-01 -6.468181606354810320e-01
-6.315322768375858375e-01 -7.090187884878311753e-01
-7.133420349797473525e-01 -6.418469808325373283e-01
-6.533501025351795555e-01 -7.165513635160819517e-01
-8.881265923735315315e-01 -4.138057964011398471e-01
-7.393542617183120891e-01 -6.582213046400201550e-01
-8.068528567098163240e-01 -5.907524588346700911e-01
-0.000000000000000000e+00 -0.000000000000000000e+00
-5.944912246475027133e-03 -8.166298025569441316e-03
-1.278312564863835939e-02 -1.564331547000048783e-02
-2.794272804604644792e-02 -1.172508400358231867e-02
-2.856998991623260070e-02 -2.856995199781927133e-02
-5.013183948224127912e-02 -6.128523202574761089e-03
-5.158279879961417957e-02 -3.181681081101646325e-02
-5.918054452169099061e-02 -3.869306136881454222e-02
-8.080723762065739058e-02 -3.691503811896585611e-04
-9.078312062411411643e-02 -4.784121618949845924e-03
-1.007957200833901890e-01 6.577485761418550708e-03
-1.106934250079095738e-01 -9.625210250378003415e-03
-1.116538729039317224e-01 -4.717828943798858116e-02
-1.288275819163501035e-01 2.542818500887893823e-02
-1.385859079283109085e-01 -2.814081583011623575e-02
-1.512929618823489197e-01 8.202488861646860599e-03
-1.603847034359983936e-01 1.991307608804134682e-02
-1.714429461499503704e-01 -9.700684407290934702e-03
-1.800971596368217964e-01 2.495725005721881329e-02
-1.864307497646502387e-01 4.556919759120178770e-02
-1.990745488157967258e-01 3.437275138929406920e-02
-2.113771225427402700e-01 -1.775163928553174369e-02
-2.160547785871700377e-01 5.199085207064471637e-02
-2.058350416633503432e-01 1.077312392046124168e-01
-2.407271670143406039e-01 2.863467087671214481e-02
-2.435250781791060137e-01 6.681720931618494175e-02
-2.543911772515107250e-01 6.525092150789245371e-02
-1.998537338302985022e-01 1.855765350558750415e-01
-2.406165412623982036e-01 1.486456108955652722e-01
-2.511243323712218367e-01 1.508116054790333282e-01
-2.850975374658145101e-01 1.026974132369738585e-01
-2.496598971844105064e-01 1.890004100556664512e-01
-2.916591277401361926e-01 1.393344465235643870e-01
-2.698697032031985299e-01 1.956564703865647237e-01
-2.955894157906105435e-01 1.748543551723666933e-01
-2.367501521295269085e-01 2.625578253756937763e-01
-2.379451683225145830e-01 2.749790934428432143e-01
-2.757661894627763677e-01 2.522550956418710966e-01
-2.379459840369893830e-01 3.011870076685435604e-01
-3.148545869190283453e-01 2.367590234677129646e-01
-3.322042805026855228e-01 2.299760076895544791e-01
-2.124777355660157629e-01 3.554804112687345308e-01
-2.227871349723092032e-01 3.610367391525676206e-01
-1.766341312430196320e-01 3.968054972367103805e-01
-1.278871207134250378e-02 4.442604112917188375e-01
-1.239148837459339847e-01 4.373290201143363309e-01
-2.650996496656758961e-01 3.815999382279749441e-01
-7.600716053020785401e-02 4.686235977063462621e-01
-2.765496443771793267e-01 3.982440802507014599e-01
-1.907822979235018757e-01 4.567024385196430392e-01
-1.379378159108984314e-01 4.858489184854704601e-01
6.171559577932884955e-02 5.114413639905402986e-01
-1.707639175998566516e-01 4.967191356592819407e-01
-1.618140256675678623e-01 5.103132654681677982e-01
-6.587027158989902653e-02 5.414626196494988219e-01
-1.069169573649527971e-01 5.451703766130940876e-01
1.150206904712092609e-01 5.538389576708259154e-01
-1.122071392371087328e-01 5.647179330838225653e-01
-9.868077994868450220e-02 5.774879966656807362e-01
7.800332769131020257e-03 5.959085456888629784e-01
2.511439889739385672e-02 6.055400277327435132e-01
3.311338385386135008e-01 5.196205521393263416e-01
2.506385014612445561e-01 5.739209167111996024e-01
1.757278193989490200e-01 6.116194986879023299e-01
3.720685422059510222e-02 6.453930501079693238e-01
3.216371329431375603e-01 5.723879943653693569e-01
1.216074989813389490e-01 6.554815486617058262e-01
7.761058238459296599e-02 6.723028230042195075e-01
4.434879019005615874e-01 5.245065050774414539e-01
3.749810531674440117e-01 5.874997602207731040e-01
4.711388517987321611e-01 5.272354001043956240e-01
4.335925940392815758e-01 5.712554019922405635e-01
5.203291748746377010e-01 5.081172793843853341e-01
3.766438062242916107e-01 6.339238690894923867e-01
3.582699991013280627e-01 6.560191352821744815e-01
5.855484650830541371e-01 4.806807916958639737e-01
4.503102228955092601e-01 6.217301044556607925e-01
4.950939817779596575e-01 5.998501653014556290e-01
5.525415590753791628e-01 5.616500777921227261e-01
6.310984863499197184e-01 4.883507535682927725e-01
6.219633126130874601e-01 5.159033147324086910e-01
5.361372390377623365e-01 6.180439697305289970e-01
6.494450806089715478e-01 5.140754136320933032e-01
4.909911223614225606e-01 6.795698479372732637e-01
8.013189682875495601e-01 2.789524138109105711e-01
6.340098699248126746e-01 5.789655960430966086e-01
7.169038461067298584e-01 4.905769575371179414e-01
8.318259252158736183e-01 2.834321189337152269e-01
8.018076555014252982e-01 3.837029324483085535e-01
8.978401447971485760e-01 -4.545231431406158984e-02
8.079528579501473740e-01 4.167234818460855417e-01
9.121565118437493513e-01 1.135089521084910319e-01
9.195855742796640309e-01 1.339691009545635469e-01
8.886989626342673976e-01 3.044258976875020561e-01
9.483713666566402356e-01 -4.617802531760505785e-02
9.584011676779669031e-01 4.787073705720768652e-02
9.541749861026179724e-01 -1.728071437630821217e-01
9.540162172421591258e-01 -2.232871211135208644e-01
8.499284628225809435e-01 -5.074658789387570534e-01
9.157907989398819115e-01 -4.016555895005730625e-01
0.000000000000000000e+00 -0.000000000000000000e+00
1.000421986130326998e-02 -1.394987464966370404e-03
1.821923975579344337e-02 -8.728168362477207662e-03
2.793115687180122361e-02 -1.175262189254823453e-02
3.662995403891853435e-02 -1.705089288213509566e-02
5.048971056663040247e-02 -1.244690088171960304e-03
5.620192553010892184e-02 -2.268122899874656581e-02
6.792912345877120950e-02 -1.962457729730037251e-02
6.991562240631264691e-02 -4.051853486274191452e-02
8.021102332710437766e-02 -4.278614900567791896e-02
7.512888644997570142e-02 -6.751807851870095245e-02
8.819039974907123824e-02 -6.758796049922424776e-02
8.547523787552596675e-02 -8.594394707519673049e-02
1.099831629804734895e-01 -7.174149647219715820e-02
1.225256900020726680e-01 -7.060746902003200987e-02
1.187543629107310067e-01 -9.409698416169200164e-02
1.138584730970488013e-01 -1.146997462924390643e-01
1.055644813326742093e-01 -1.354360636740012669e-01
4.421463690046593259e-02 -1.763601914362461220e-01
1.185089316718125202e-01 -1.509589657520257755e-01
1.460258712992101304e-01 -1.396016007629918565e-01
1.276098938940271044e-01 -1.694435705836235539e-01
1.306710286755329575e-01 -1.797437017373926249e-01
9.029730100483794597e-02 -2.140571926106578649e-01
1.675797765685344831e-01 -1.751757169250576229e-01
9.880865623195106417e-02 -2.323915932571113674e-01
8.831782631331393241e-02 -2.473307812956769824e-01
7.731576820913958759e-02 -2.615385961488032596e-01
1.134970058180082009e-01 -2.590564942979468599e-01
8.674704563295848603e-02 -2.797901369419746320e-01
1.446069038778555471e-01 -2.663009724080968033e-01
8.379857334286562598e-02 -3.017101562245474988e-01
7.696533422012899472e-02 -3.139354585110591955e-01
2.744841706875164340e-03 -3.333220319077563332e-01
9.566134359030556422e-02 -3.298424708746223177e-01
-5.129414337383342987e-02 -3.497944497199920733e-01
-1.173742575015786771e-01 -3.441724693153576098e-01
1.259835512632763443e-01 -3.518632821696557889e-01
-7.468654713488384611e-02 -3.765020910761735506e-01
-1.112735011655365119e-01 -3.778974120521340074e-01
-2.579910328282003507e-02 -4.032158905188824582e-01
-6.284382912559277612e-02 -4.093455313642542226e-01
-1.031560368322537724e-01 -4.115099835874602152e-01
-1.087361337708132175e-01 -4.205123924093380205e-01
-1.275996674199867398e-01 -4.257337067602701142e-01
-2.644101829095334491e-02 -4.537757626842484626e-01
-2.864488928114570232e-01 -3.658461000414638398e-01
-3.022440873426284758e-01 -3.661060999840425878e-01
-1.671381717519772603e-01 -4.551295253038172284e-01
-1.280716459545093444e-01 -4.780927274632640889e-01
-3.252222392180426636e-01 -3.864020028024860998e-01
-2.562682535574817289e-01 -4.468866363872387448e-01
-3.402304758779278737e-01 -4.001667634474825319e-01
-3.251681848273578201e-01 -4.252870317698511093e-01
-4.256872890016417665e-01 -3.410439753748153446e-01
-4.474589624550875389e-01 -3.292756477895967260e-01
-3.612505730522205805e-01 -4.352762039668868210e-01
-3.258473678164024445e-01 -4.746791326036597369e-01
-3.318002123963043615e-01 -4.828445937131214949e-01
-5.259300568674096787e-01 -2.802952288209133447e-01
-4.182711052948219210e-01 -4.385872099069889063e-01
-4.970425431960970308e-01 -3.641481120149477890e-01
-5.133914726451014321e-01 -3.586559254615153125e-01
-5.700362241408414299e-01 -2.828734361038571787e-01
-4.517985664149807290e-01 -4.623792756104329049e-01
-6.208071254336742228e-01 -2.137217218540735653e-01
-6.499919802921786394e-01 -1.481717584436945401e-01
-6.521009002475540717e-01 -1.810494523986421189e-01
-6.540700895623565714e-01 -2.097162629378207799e-01
-6.846610004869397859e-01 -1.304073345569715658e-01
-7.043667789002548973e-01 -6.177722540831018933e-02
-5.570185851082909423e-01 -4.517361705187966092e-01
-6.937725619264130117e-01 2.181862785620858614e-01
-7.369976642847889670e-01 2.354721655056086008e-02
-7.405568276469987055e-01 -1.014597611758036866e-01
-7.568603627890876373e-01 -3.291534148772959356e-02
-7.561007588709576233e-01 1.328128836574671845e-01
-7.744659223086539646e-01 7.169941971553384086e-02
-7.633473187709910457e-01 -1.950739739547207308e-01
-6.544082070609724688e-01 4.566417156974629799e-01
-7.895377476678299145e-01 1.721183819240179880e-01
-7.252739361865883083e-01 3.786808750012582436e-01
-8.150270206187788524e-01 1.475920027964860437e-01
-6.596159592371229063e-01 5.174884025588479819e-01
-7.619243733283086462e-01 3.733601310218062630e-01
-7.271958259707659300e-01 4.564601924092742680e-01
-8.371867285825268512e-01 2.318086653131920805e-01
-6.358825079975684025e-01 6.065653896549177970e-01
-6.810351132568096544e-01 5.712395568423181968e-01
-5.860204542540963235e-01 6.817351873577390808e-01
-7.910982489110729432e-01 4.478949001290032927e-01
-7.663475206567377240e-01 5.075679874568477246e-01
-3.519441167221452060e-01 8.600701640787817848e-01
-8.008572012374987059e-01 4.910078579779603714e-01
-6.781959279789075978e-01 6.645230939472647202e-01
-4.605671603438708517e-01 8.418445797685424337e-01
-6.006756190758953950e-01 7.612496395317869258e-01
-4.958175077671738151e-01 8.450852502604403460e-01
-6.275574768149381200e-01 7.655531487079842989e-01
-4.727063848740498675e-01 8.812199916588970838e-01
