data 1 with ratio 0.75
8000 test samples
[3 5 7 9 11 13 15 17 19 21 23 25 27 29 31 33 35 37 39 41 43 45];
[0.7726    0.7834    0.7883    0.7923    0.7939    0.7941    0.7943    0.7941    0.7974    0.7964  0.7941    0.7941    0.7961 0.7955    0.7970    0.7957    0.7951    0.7961    0.7944 0.7931    0.7941    0.7939]
avg = 0.79300
max = 0.79740 at k = 19 (31 ok)

data 1 with ratio 0.85
8000 test samples
[3 5 7 9 11 13 15 17 19 21 23 25 27 29 31 33 35 37 39 41 43 45];
[0.7700    0.7836    0.7897    0.7936    0.7930    0.7947    0.7950    0.7944    0.7946   0.7950    0.7967    0.7951    0.7960    0.7980    0.7970   0.7949    0.7947    0.7940    0.7936    0.7934    0.7929    0.7926]
avg = 0.79284
max = 0.79800 at k = 29


data1 4000 ********

data 1 with ratio 0.65
4000 test samples
[3 5 7 9 11 13 15 17 19 21 23 25 27 29 31 33 35 37 39 41 43 45];
[0.7628    0.7695    0.7827    0.7815    0.7850    0.7850    0.7853    0.7833    0.7875  0.7860    0.7883    0.7883    0.7905    0.7900    0.7897   0.7867    0.7880    0.7855    0.7855    0.7855    0.7835    0.7855]
avg =  0.78435
max = 0.79050 at k =

data 1 with ratio 0.75
4000 test samples
[3 5 7 9 11 13 15 17 19 21 23 25 27 29 31 33 35 37 39 41 43 45];
[0.7655    0.7755    0.7855    0.7863    0.7895    0.7895    0.7885    0.7895    0.7920 0.7885    0.7877    0.7885    0.7913    0.7903    0.7925  0.7887    0.7895    0.7913    0.7893    0.7887    0.7887    0.7887]
avg =  0.78752
max = 0.79250 at k = 31 (19 ok)

data 1 with ratio 0.85
4000 test samples
[3 5 7 9 11 13 15 17 19 21 23 25 27 29 31 33 35 37 39 41 43 45];
[0.7640    0.7742    0.7873    0.7870    0.7830    0.7877    0.7877    0.7880    0.7860   0.7880    0.7890    0.7875    0.7897    0.7905    0.7903  0.7885    0.7873    0.7860    0.7843    0.7853    0.7847    0.7847]
avg =  0.78549
max = 0.79050 at k = 29


data2 4000***********


data 2 with ratio 0.65
4000 test samples
[3 5 7 9 11 13 15 17 19 21 23 25 27 29 31 33 35 37 39 41 43 45];
[0.7512    0.7710    0.7750    0.7808    0.7853    0.7802    0.7790    0.7810    0.7778   0.7802    0.7833    0.7825    0.7837    0.7815    0.7817   0.7837    0.7825    0.7790    0.7833    0.7808    0.7813    0.7805]
avg = 0.77933
max = 0.78530

data 2 with ratio 0.75
4000 test samples
[3 5 7 9 11 13 15 17 19 21 23 25 27 29 31 33 35 37 39 41 43 45];
[ 0.7595    0.7765    0.7815    0.7855    0.7877    0.7840    0.7815    0.7845    0.7875  0.7825    0.7875    0.7893    0.7895    0.7907    0.7885   0.7893    0.7863    0.7870    0.7870    0.7880    0.7855    0.7853]
avg = 0.78475
max = 0.79070

data 2 with ratio 0.85
4000 test samples
[3 5 7 9 11 13 15 17 19 21 23 25 27 29 31 33 35 37 39 41 43 45];
[0.7640    0.7730    0.7827    0.7853    0.7883    0.7840    0.7827    0.7835    0.7845   0.7843    0.7843    0.7867    0.7903    0.7883    0.7913   0.7863    0.7867    0.7877    0.7860    0.7853    0.7843    0.7857]
avg = 0.78433
max = 0.79130


data 3 4000*********

data 3 with ratio 0.65
4000 test samples
[3 5 7 9 11 13 15 17 19 21 23 25 27 29 31 33 35 37 39 41 43 45];
[0.781250000000000
0.782000000000000
0.785750000000000
0.787250000000000
0.784500000000000
0.785750000000000
0.786250000000000
0.787750000000000
0.789500000000000
0.785750000000000
0.788750000000000
0.786750000000000
0.786250000000000
0.785250000000000
0.783000000000000
0.781500000000000
0.781500000000000
0.779250000000000
0.777750000000000
0.777250000000000]
avg = 0.7832
max = 0.7895 at k =11

data 3 with ratio 0.75
4000 test samples
[3 5 7 9 11 13 15 17 19 21 23 25 27 29 31 33 35 37 39 41 43 45];
[0.762750000000000
0.777500000000000
0.778500000000000
0.782750000000000
0.780750000000000
0.782000000000000
0.785000000000000
0.783500000000000
0.783750000000000
0.783750000000000
0.784500000000000
0.787000000000000
0.785000000000000
0.783500000000000
0.783500000000000
0.785000000000000
0.786500000000000
0.786000000000000
0.786500000000000
0.783750000000000
0.782250000000000
0.781250000000000]
avg = 0.7825
max = 0.7870 at k = 25

data 3 with ratio 0.85
4000 test samples
[3 5 7 9 11 13 15 17 19 21 23 25 27 29 31 33 35 37 39 41 43 45];
[0.766500000000000
0.776750000000000
0.782500000000000
0.786000000000000
0.782750000000000
0.784000000000000
0.786500000000000
0.786000000000000
0.786500000000000
0.784250000000000
0.786500000000000
0.785500000000000
0.786750000000000
0.787750000000000
0.786250000000000
0.788250000000000
0.790000000000000
0.789000000000000
0.786000000000000
0.785750000000000
0.785500000000000
0.785750000000000]
avg = 
max =  0.7900 at k = 35








data 2 with ratio 0.65
8000 test samples
[3 5 7 9 11 13 15 17 19 21 23 25 27 29 31 33 35 37 39 41 43 45];
[]
avg = 


data 2 with ratio 0.75
8000 test samples
[3 5 7 9 11 13 15 17 19 21 23 25 27 29 31 33 35 37 39 41 43 45];
[]
avg = 

data 2 with ratio 0.85
8000 test samples
[3 5 7 9 11 13 15 17 19 21 23 25 27 29 31 33 35 37 39 41 43 45];
[]
avg = 

